2.00 -36.00 0.00 0.00 -57.00 32.00 14.00 -24.00 48.00 0.00 -3.00 -17.00 -31.00 6.00 0.00 0.00 34.00 -2.00 0.00 0.00 0.00 0.00 0.00 0.00 0.00 0.00 0.00 0.00 0.00 0.00 0.00 0.00 0.00 0.00 0.00 0.00 0.00 0.00 0.00 0.00 
2.00 -36.00 0.00 0.00 -40.00 28.00 466.00 -435.00 35.00 8.00 -78.00 -18.00 -31.00 6.00 24.00 2.00 40.00 -1.00 -45.00 -18.00 0.00 0.00 0.00 0.00 0.00 0.00 0.00 0.00 0.00 0.00 0.00 0.00 0.00 0.00 0.00 0.00 0.00 0.00 0.00 0.00 
2.00 -36.00 0.00 0.00 -11.00 -2.00 413.00 -369.00 5.00 -70.00 -50.00 0.00 -11.00 14.00 -4.00 6.00 68.00 -2.00 -45.00 -18.00 0.00 0.00 0.00 0.00 0.00 0.00 0.00 0.00 0.00 0.00 0.00 0.00 0.00 0.00 0.00 0.00 0.00 0.00 0.00 0.00 
2.00 -36.00 0.00 0.00 -11.00 -2.00 413.00 -369.00 5.00 -70.00 17.00 -6.00 17.00 12.00 -4.00 6.00 33.00 -15.00 -5.00 2.00 0.00 0.00 0.00 0.00 0.00 0.00 0.00 0.00 0.00 0.00 0.00 0.00 0.00 0.00 0.00 0.00 0.00 0.00 0.00 0.00 
2.00 -36.00 0.00 0.00 -40.00 4.00 381.00 -392.00 -11.00 -75.00 17.00 -6.00 -34.00 14.00 -4.00 6.00 -26.00 -31.00 -5.00 2.00 0.00 0.00 0.00 0.00 0.00 0.00 0.00 0.00 0.00 0.00 0.00 0.00 0.00 0.00 0.00 0.00 0.00 0.00 0.00 0.00 
2.00 -36.00 0.00 0.00 6.00 -4.00 381.00 -392.00 -11.00 -75.00 42.00 -82.00 -49.00 18.00 24.00 13.00 19.00 -27.00 -5.00 2.00 0.00 0.00 0.00 0.00 0.00 0.00 0.00 0.00 0.00 0.00 0.00 0.00 0.00 0.00 0.00 0.00 0.00 0.00 0.00 0.00 
2.00 -36.00 0.00 0.00 -15.00 0.00 402.00 -431.00 47.00 18.00 42.00 -82.00 -49.00 18.00 29.00 5.00 60.00 -17.00 -58.00 6.00 0.00 0.00 0.00 0.00 0.00 0.00 0.00 0.00 0.00 0.00 0.00 0.00 0.00 0.00 0.00 0.00 0.00 0.00 0.00 0.00 
2.00 -36.00 0.00 0.00 -15.00 0.00 402.00 -431.00 47.00 18.00 13.00 6.00 -8.00 10.00 29.00 5.00 28.00 -43.00 -58.00 6.00 0.00 0.00 0.00 0.00 0.00 0.00 0.00 0.00 0.00 0.00 0.00 0.00 0.00 0.00 0.00 0.00 0.00 0.00 0.00 0.00 
2.00 -36.00 0.00 0.00 -30.00 -39.00 420.00 -453.00 47.00 18.00 -53.00 -102.00 -37.00 -8.00 -7.00 -3.00 2.00 -69.00 -20.00 47.00 0.00 0.00 0.00 0.00 0.00 0.00 0.00 0.00 0.00 0.00 0.00 0.00 0.00 0.00 0.00 0.00 0.00 0.00 0.00 0.00 
133.00 -24.00 0.00 0.00 -21.00 8.00 420.00 -453.00 37.00 -47.00 -53.00 -102.00 -37.00 -8.00 -7.00 -3.00 2.00 -69.00 -20.00 47.00 0.00 0.00 0.00 0.00 0.00 0.00 0.00 0.00 0.00 0.00 0.00 0.00 0.00 0.00 0.00 0.00 0.00 0.00 0.00 0.00 
261.00 -21.00 0.00 0.00 -17.00 8.00 418.00 -452.00 29.00 32.00 -61.00 -52.00 38.00 4.00 -10.00 -3.00 31.00 -35.00 -20.00 47.00 0.00 0.00 0.00 0.00 0.00 0.00 0.00 0.00 0.00 0.00 0.00 0.00 0.00 0.00 0.00 0.00 0.00 0.00 0.00 0.00 
322.00 -18.00 0.00 0.00 -17.00 8.00 763.00 -456.00 29.00 32.00 -61.00 -52.00 12.00 -6.00 -10.00 -3.00 31.00 -35.00 -20.00 47.00 0.00 0.00 0.00 0.00 0.00 0.00 0.00 0.00 0.00 0.00 0.00 0.00 0.00 0.00 0.00 0.00 0.00 0.00 0.00 0.00 
364.00 -17.00 0.00 0.00 -17.00 8.00 839.00 -374.00 -30.00 -26.00 -61.00 -52.00 -18.00 -7.00 -10.00 -3.00 6.00 -43.00 -20.00 47.00 0.00 0.00 0.00 0.00 0.00 0.00 0.00 0.00 0.00 0.00 0.00 0.00 0.00 0.00 0.00 0.00 0.00 0.00 0.00 0.00 
364.00 -17.00 0.00 0.00 29.00 -35.00 868.00 -376.00 -18.00 -28.00 -63.00 -44.00 10.00 -4.00 -4.00 1.00 51.00 -33.00 -16.00 7.00 0.00 0.00 0.00 0.00 0.00 0.00 0.00 0.00 0.00 0.00 0.00 0.00 0.00 0.00 0.00 0.00 0.00 0.00 0.00 0.00 
364.00 -17.00 0.00 0.00 -87.00 -22.00 809.00 -437.00 30.00 -63.00 -31.00 4.00 -19.00 -39.00 -9.00 15.00 18.00 -46.00 -14.00 10.00 0.00 0.00 0.00 0.00 0.00 0.00 0.00 0.00 0.00 0.00 0.00 0.00 0.00 0.00 0.00 0.00 0.00 0.00 0.00 0.00 
303.00 -54.00 0.00 0.00 -87.00 -22.00 801.00 -461.00 30.00 -63.00 -113.00 -34.00 2.00 -5.00 -9.00 15.00 16.00 -20.00 0.00 5.00 0.00 0.00 0.00 0.00 0.00 0.00 0.00 0.00 0.00 0.00 0.00 0.00 0.00 0.00 0.00 0.00 0.00 0.00 0.00 0.00 
161.00 -42.00 0.00 0.00 -87.00 -22.00 801.00 -461.00 30.00 -63.00 -113.00 -34.00 2.00 -5.00 -9.00 15.00 16.00 -20.00 0.00 5.00 0.00 0.00 0.00 0.00 0.00 0.00 0.00 0.00 0.00 0.00 0.00 0.00 0.00 0.00 0.00 0.00 0.00 0.00 0.00 0.00 
49.00 -48.00 0.00 0.00 -7.00 -11.00 788.00 -461.00 58.00 0.00 -113.00 -34.00 -26.00 -37.00 -9.00 15.00 -8.00 1.00 4.00 -7.00 0.00 0.00 0.00 0.00 0.00 0.00 0.00 0.00 0.00 0.00 0.00 0.00 0.00 0.00 0.00 0.00 0.00 0.00 0.00 0.00 
-1.00 -49.00 0.00 0.00 