0.00 0.00 0.00 0.00 2.00 -52.00 47.00 5.00 4.00 -42.00 0.00 0.00 -9.00 -14.00 0.00 0.00 17.00 -4.00 0.00 0.00 0.00 0.00 0.00 0.00 0.00 0.00 0.00 0.00 0.00 0.00 0.00 0.00 0.00 0.00 0.00 0.00 0.00 0.00 0.00 0.00 
-26.00 -6.00 0.00 0.00 2.00 -52.00 87.00 -3.00 4.00 -42.00 -34.00 -12.00 6.00 -14.00 0.00 0.00 32.00 -19.00 0.00 0.00 0.00 0.00 0.00 0.00 0.00 0.00 0.00 0.00 0.00 0.00 0.00 0.00 0.00 0.00 0.00 0.00 0.00 0.00 0.00 0.00 
-90.00 -21.00 0.00 0.00 2.00 -52.00 87.00 -3.00 4.00 -42.00 -4.00 -70.00 9.00 -11.00 0.00 0.00 -2.00 17.00 0.00 0.00 0.00 0.00 0.00 0.00 0.00 0.00 0.00 0.00 0.00 0.00 0.00 0.00 0.00 0.00 0.00 0.00 0.00 0.00 0.00 0.00 
-206.00 -21.00 0.00 0.00 59.00 -135.00 51.00 -10.00 4.00 -42.00 -4.00 -70.00 9.00 -11.00 0.00 0.00 -2.00 17.00 0.00 0.00 0.00 0.00 0.00 0.00 0.00 0.00 0.00 0.00 0.00 0.00 0.00 0.00 0.00 0.00 0.00 0.00 0.00 0.00 0.00 0.00 
-309.00 -10.00 0.00 0.00 66.00 -100.00 13.00 38.00 4.00 -42.00 -4.00 -70.00 -18.00 -8.00 0.00 0.00 7.00 5.00 0.00 0.00 0.00 0.00 0.00 0.00 0.00 0.00 0.00 0.00 0.00 0.00 0.00 0.00 0.00 0.00 0.00 0.00 0.00 0.00 0.00 0.00 
-369.00 -1.00 0.00 0.00 66.00 -100.00 67.00 46.00 -14.00 15.00 -4.00 -70.00 7.00 -27.00 -9.00 -4.00 -5.00 -16.00 0.00 0.00 0.00 0.00 0.00 0.00 0.00 0.00 0.00 0.00 0.00 0.00 0.00 0.00 0.00 0.00 0.00 0.00 0.00 0.00 0.00 0.00 
-369.00 -1.00 0.00 0.00 -21.00 -91.00 2.00 15.00 -9.00 -34.00 -119.00 -38.00 -16.00 -24.00 6.00 -3.00 12.00 -20.00 -1.00 8.00 0.00 0.00 0.00 0.00 0.00 0.00 0.00 0.00 0.00 0.00 0.00 0.00 0.00 0.00 0.00 0.00 0.00 0.00 0.00 0.00 
-369.00 -1.00 0.00 0.00 -21.00 -91.00 2.00 15.00 30.00 7.00 -119.00 -38.00 -28.00 -22.00 25.00 8.00 2.00 -21.00 -1.00 8.00 0.00 0.00 0.00 0.00 0.00 0.00 0.00 0.00 0.00 0.00 0.00 0.00 0.00 0.00 0.00 0.00 0.00 0.00 0.00 0.00 
-369.00 -1.00 0.00 0.00 -21.00 -91.00 2.00 15.00 -4.00 -32.00 -119.00 -38.00 -28.00 -22.00 27.00 3.00 14.00 3.00 -17.00 3.00 0.00 0.00 0.00 0.00 0.00 0.00 0.00 0.00 0.00 0.00 0.00 0.00 0.00 0.00 0.00 0.00 0.00 0.00 0.00 0.00 
-369.00 -1.00 0.00 0.00 -21.00 -91.00 2.00 15.00 18.00 11.00 -119.00 -38.00 -28.00 -22.00 27.00 3.00 1.00 9.00 -3.00 -19.00 0.00 0.00 0.00 0.00 0.00 0.00 0.00 0.00 0.00 0.00 0.00 0.00 0.00 0.00 0.00 0.00 0.00 0.00 0.00 0.00 
-369.00 -1.00 0.00 0.00 -21.00 -91.00 2.00 15.00 -7.00 -33.00 -119.00 -38.00 -28.00 -22.00 27.00 3.00 1.00 9.00 -3.00 -19.00 0.00 0.00 0.00 0.00 0.00 0.00 0.00 0.00 0.00 0.00 0.00 0.00 0.00 0.00 0.00 0.00 0.00 0.00 0.00 0.00 
-369.00 -1.00 0.00 0.00 -21.00 -91.00 2.00 15.00 12.00 8.00 -119.00 -38.00 -6.00 -27.00 2.00 19.00 3.00 11.00 -3.00 -19.00 0.00 0.00 0.00 0.00 0.00 0.00 0.00 0.00 0.00 0.00 0.00 0.00 0.00 0.00 0.00 0.00 0.00 0.00 0.00 0.00 
-463.00 1.00 0.00 0.00 -21.00 -91.00 2.00 15.00 12.00 8.00 -119.00 -38.00 -6.00 -27.00 2.00 19.00 3.00 11.00 -3.00 -19.00 0.00 0.00 0.00 0.00 0.00 0.00 0.00 0.00 0.00 0.00 0.00 0.00 0.00 0.00 0.00 0.00 0.00 0.00 0.00 0.00 
-573.00 2.00 0.00 0.00 -26.00 7.00 2.00 15.00 12.00 8.00 -119.00 -38.00 -6.00 -27.00 2.00 19.00 3.00 11.00 -3.00 -19.00 0.00 0.00 0.00 0.00 0.00 0.00 0.00 0.00 0.00 0.00 0.00 0.00 0.00 0.00 0.00 0.00 0.00 0.00 0.00 0.00 
-696.00 11.00 0.00 0.00 -26.00 7.00 2.00 15.00 12.00 8.00 -119.00 -38.00 -6.00 -27.00 2.00 19.00 3.00 11.00 -3.00 -19.00 0.00 0.00 0.00 0.00 0.00 0.00 0.00 0.00 0.00 0.00 0.00 0.00 0.00 0.00 0.00 0.00 0.00 0.00 0.00 0.00 
-730.00 10.00 0.00 0.00 9.00 -17.00 116.00 -48.00 -12.00 -6.00 -136.00 -36.00 10.00 -31.00 3.00 19.00 -5.00 12.00 -3.00 -19.00 0.00 0.00 0.00 0.00 0.00 0.00 0.00 0.00 0.00 0.00 0.00 0.00 0.00 0.00 0.00 0.00 0.00 0.00 0.00 0.00 
-730.00 10.00 0.00 0.00 18.00 -28.00 115.00 -5.00 -38.00 -43.00 -89.00 -33.00 -10.00 -31.00 3.00 19.00 4.00 35.00 -3.00 -19.00 0.00 0.00 0.00 0.00 0.00 0.00 0.00 0.00 0.00 0.00 0.00 0.00 0.00 0.00 0.00 0.00 0.00 0.00 0.00 0.00 
-730.00 10.00 0.00 0.00 5.00 -73.00 113.00 -36.00 -50.00 -100.00 -86.00 -33.00 4.00 -11.00 3.00 19.00 12.00 28.00 -3.00 -19.00 0.00 0.00 0.00 0.00 0.00 0.00 0.00 0.00 0.00 0.00 0.00 0.00 0.00 0.00 0.00 0.00 0.00 0.00 0.00 0.00 
-851.00 -6.00 0.00 0.00 5.00 -73.00 105.00 -38.00 -50.00 -100.00 -67.00 21.00 6.00 -5.00 3.00 19.00 2.00 -7.00 -3.00 -19.00 0.00 0.00 0.00 0.00 0.00 0.00 0.00 0.00 0.00 0.00 0.00 0.00 0.00 0.00 0.00 0.00 0.00 0.00 0.00 0.00 
-984.00 -9.00 0.00 0.00 -46.00 1.00 105.00 -38.00 -50.00 -100.00 12.00 23.00 19.00 7.00 3.00 19.00 2.00 -7.00 -3.00 -19.00 0.00 0.00 0.00 0.00 0.00 0.00 0.00 0.00 0.00 0.00 0.00 0.00 0.00 0.00 0.00 0.00 0.00 0.00 0.00 0.00 
-1076.00 -1.00 0.00 0.00 -1.00 -13.00 105.00 -38.00 -33.00 -57.00 4.00 13.00 -4.00 -16.00 -7.00 7.00 2.00 -7.00 -3.00 -19.00 0.00 0.00 0.00 0.00 0.00 0.00 0.00 0.00 0.00 0.00 0.00 0.00 0.00 0.00 0.00 0.00 0.00 0.00 0.00 0.00 
-1081.00 2.00 0.00 0.00 18.00 -27.00 115.00 -21.00 73.00 -42.00 4.00 13.00 -17.00 -9.00 -7.00 7.00 26.00 -13.00 -36.00 -18.00 0.00 0.00 0.00 0.00 0.00 0.00 0.00 0.00 0.00 0.00 0.00 0.00 0.00 0.00 0.00 0.00 0.00 0.00 0.00 0.00 
-1081.00 2.00 0.00 0.00 -20.00 -3.00 115.00 -21.00 73.00 -42.00 4.00 13.00 -17.00 -9.00 -7.00 7.00 26.00 -13.00 -36.00 -18.00 0.00 0.00 0.00 0.00 0.00 0.00 0.00 0.00 0.00 0.00 0.00 0.00 0.00 0.00 0.00 0.00 0.00 0.00 0.00 0.00 
-1081.00 2.00 0.00 0.00 22.00 -34.00 115.00 -21.00 73.00 -42.00 4.00 13.00 -17.00 -9.00 -7.00 7.00 26.00 -13.00 -36.00 -18.00 0.00 0.00 0.00 0.00 0.00 0.00 0.00 0.00 0.00 0.00 0.00 0.00 0.00 0.00 0.00 0.00 0.00 0.00 0.00 0.00 
-1081.00 2.00 0.00 0.00 -20.00 10.00 115.00 -21.00 73.00 -42.00 4.00 13.00 -17.00 -9.00 -7.00 7.00 26.00 -13.00 -36.00 -18.00 0.00 0.00 0.00 0.00 0.00 0.00 0.00 0.00 0.00 0.00 0.00 0.00 0.00 0.00 0.00 0.00 0.00 0.00 0.00 0.00 
-1081.00 2.00 0.00 0.00 25.00 -31.00 115.00 -21.00 73.00 -42.00 4.00 13.00 -17.00 -9.00 -7.00 7.00 26.00 -13.00 -36.00 -18.00 0.00 0.00 0.00 0.00 0.00 0.00 0.00 0.00 0.00 0.00 0.00 0.00 0.00 0.00 0.00 0.00 0.00 0.00 0.00 0.00 
-1081.00 2.00 0.00 0.00 -24.00 3.00 115.00 -21.00 73.00 -42.00 4.00 13.00 -17.00 -9.00 -7.00 7.00 26.00 -13.00 -36.00 -18.00 0.00 0.00 0.00 0.00 0.00 0.00 0.00 0.00 0.00 0.00 0.00 0.00 0.00 0.00 0.00 0.00 0.00 0.00 0.00 0.00 
-1081.00 2.00 0.00 0.00 -24.00 3.00 54.00 -13.00 -11.00 -34.00 2.00 13.00 -2.00 -7.00 -7.00 7.00 4.00 -22.00 -10.00 -11.00 0.00 0.00 0.00 0.00 0.00 0.00 0.00 0.00 0.00 0.00 0.00 0.00 0.00 0.00 0.00 0.00 0.00 0.00 0.00 0.00 
-1081.00 2.00 0.00 0.00 -4.00 -2.00 35.00 32.00 -35.00 -60.00 -31.00 -14.00 7.00 -53.00 -4.00 29.00 6.00 11.00 -10.00 -11.00 0.00 0.00 0.00 0.00 0.00 0.00 0.00 0.00 0.00 0.00 0.00 0.00 0.00 0.00 0.00 0.00 0.00 0.00 0.00 0.00 
-1081.00 2.00 0.00 0.00 -12.00 37.00 35.00 32.00 -31.00 -68.00 -43.00 -21.00 5.00 -70.00 -4.00 29.00 2.00 45.00 -10.00 -11.00 0.00 0.00 0.00 0.00 0.00 0.00 0.00 0.00 0.00 0.00 0.00 0.00 0.00 0.00 0.00 0.00 0.00 0.00 0.00 0.00 
-1081.00 2.00 0.00 0.00 15.00 -36.00 17.00 8.00 -8.00 -18.00 -40.00 -18.00 10.00 -25.00 -6.00 31.00 5.00 8.00 -10.00 -11.00 0.00 0.00 0.00 0.00 0.00 0.00 0.00 0.00 0.00 0.00 0.00 0.00 0.00 0.00 0.00 0.00 0.00 0.00 0.00 0.00 
-1081.00 2.00 0.00 0.00 35.00 -69.00 43.00 -6.00 -4.00 25.00 -14.00 30.00 1.00 6.00 -1.00 38.00 2.00 -31.00 -10.00 -11.00 0.00 0.00 0.00 0.00 0.00 0.00 0.00 0.00 0.00 0.00 0.00 0.00 0.00 0.00 0.00 0.00 0.00 0.00 0.00 0.00 
-1081.00 2.00 0.00 0.00 46.00 -79.00 81.00 -5.00 -5.00 62.00 -14.00 30.00 -1.00 30.00 -1.00 38.00 7.00 -53.00 -10.00 -11.00 0.00 0.00 0.00 0.00 0.00 0.00 0.00 0.00 0.00 0.00 0.00 0.00 0.00 0.00 0.00 0.00 0.00 0.00 0.00 0.00 
-1081.00 2.00 0.00 0.00 10.00 -28.00 15.00 -8.00 -6.00 -20.00 -14.00 30.00 2.00 -26.00 -1.00 38.00 7.00 6.00 -10.00 -11.00 0.00 0.00 0.00 0.00 0.00 0.00 0.00 0.00 0.00 0.00 0.00 0.00 0.00 0.00 0.00 0.00 0.00 0.00 0.00 0.00 
-1081.00 2.00 0.00 0.00 2.00 54.00 15.00 -8.00 -21.00 -67.00 -31.00 -15.00 -2.00 -63.00 -1.00 38.00 4.00 37.00 -10.00 -11.00 0.00 0.00 0.00 0.00 0.00 0.00 0.00 0.00 0.00 0.00 0.00 0.00 0.00 0.00 0.00 0.00 0.00 0.00 0.00 0.00 
-1081.00 2.00 0.00 0.00 1.00 26.00 15.00 -8.00 -3.00 14.00 -31.00 -14.00 1.00 -34.00 -1.00 38.00 3.00 -15.00 -10.00 -11.00 0.00 0.00 0.00 0.00 0.00 0.00 0.00 0.00 0.00 0.00 0.00 0.00 0.00 0.00 0.00 0.00 0.00 0.00 0.00 0.00 
-1081.00 2.00 0.00 0.00 35.00 -63.00 46.00 -24.00 1.00 66.00 -28.00 -2.00 1.00 11.00 -1.00 38.00 3.00 -51.00 -10.00 -11.00 0.00 0.00 0.00 0.00 0.00 0.00 0.00 0.00 0.00 0.00 0.00 0.00 0.00 0.00 0.00 0.00 0.00 0.00 0.00 0.00 
-1081.00 2.00 0.00 0.00 6.00 -3.00 33.00 -23.00 1.00 -9.00 -37.00 -23.00 1.00 11.00 -2.00 2.00 4.00 8.00 -10.00 -11.00 0.00 0.00 0.00 0.00 0.00 0.00 0.00 0.00 0.00 0.00 0.00 0.00 0.00 0.00 0.00 0.00 0.00 0.00 0.00 0.00 
-1081.00 2.00 0.00 0.00 -37.00 -9.00 33.00 -23.00 43.00 -14.00 -37.00 -23.00 -24.00 -3.00 -2.00 2.00 27.00 6.00 -10.00 -11.00 0.00 0.00 0.00 0.00 0.00 0.00 0.00 0.00 0.00 0.00 0.00 0.00 0.00 0.00 0.00 0.00 0.00 0.00 0.00 0.00 
-1081.00 2.00 0.00 0.00 19.00 -36.00 33.00 -23.00 43.00 -14.00 -36.00 -107.00 2.00 2.00 -2.00 2.00 27.00 6.00 -10.00 -11.00 0.00 0.00 0.00 0.00 0.00 0.00 0.00 0.00 0.00 0.00 0.00 0.00 0.00 0.00 0.00 0.00 0.00 0.00 0.00 0.00 
-1081.00 2.00 0.00 0.00 -31.00 -29.00 110.00 -17.00 53.00 -10.00 -75.00 -72.00 -30.00 1.00 -2.00 8.00 7.00 14.00 -10.00 -11.00 0.00 0.00 0.00 0.00 0.00 0.00 0.00 0.00 0.00 0.00 0.00 0.00 0.00 0.00 0.00 0.00 0.00 0.00 0.00 0.00 
-995.00 0.00 0.00 0.00 -31.00 -29.00 110.00 -17.00 53.00 -10.00 -75.00 -72.00 -8.00 -26.00 -2.00 8.00 4.00 5.00 -10.00 -11.00 0.00 0.00 0.00 0.00 0.00 0.00 0.00 0.00 0.00 0.00 0.00 0.00 0.00 0.00 0.00 0.00 0.00 0.00 0.00 0.00 
-814.00 9.00 0.00 0.00 -31.00 -29.00 110.00 -17.00 5.00 -4.00 -75.00 -72.00 2.00 6.00 -2.00 8.00 12.00 5.00 -10.00 -11.00 0.00 0.00 0.00 0.00 0.00 0.00 0.00 0.00 0.00 0.00 0.00 0.00 0.00 0.00 0.00 0.00 0.00 0.00 0.00 0.00 
-724.00 7.00 0.00 0.00 4.00 -17.00 23.00 -13.00 9.00 27.00 -31.00 -35.00 2.00 6.00 -2.00 8.00 12.00 5.00 -10.00 -11.00 0.00 0.00 0.00 0.00 0.00 0.00 0.00 0.00 0.00 0.00 0.00 0.00 0.00 0.00 0.00 0.00 0.00 0.00 0.00 0.00 
-721.00 8.00 0.00 0.00 -33.00 -1.00 112.00 -24.00 27.00 -10.00 -110.00 7.00 4.00 -10.00 -2.00 8.00 1.00 9.00 -3.00 -23.00 0.00 0.00 0.00 0.00 0.00 0.00 0.00 0.00 0.00 0.00 0.00 0.00 0.00 0.00 0.00 0.00 0.00 0.00 0.00 0.00 
-721.00 8.00 0.00 0.00 -33.00 -1.00 112.00 -24.00 -33.00 -50.00 -110.00 7.00 16.00 -24.00 -2.00 8.00 1.00 9.00 -3.00 -23.00 0.00 0.00 0.00 0.00 0.00 0.00 0.00 0.00 0.00 0.00 0.00 0.00 0.00 0.00 0.00 0.00 0.00 0.00 0.00 0.00 
-721.00 8.00 0.00 0.00 42.00 -44.00 112.00 -24.00 -34.00 -57.00 -110.00 7.00 15.00 -25.00 -2.00 8.00 -23.00 0.00 -3.00 -23.00 0.00 0.00 0.00 0.00 0.00 0.00 0.00 0.00 0.00 0.00 0.00 0.00 0.00 0.00 0.00 0.00 0.00 0.00 0.00 0.00 
-721.00 8.00 0.00 0.00 31.00 -108.00 112.00 -24.00 6.00 -41.00 -39.00 50.00 -4.00 -25.00 -2.00 8.00 5.00 4.00 -3.00 -23.00 0.00 0.00 0.00 0.00 0.00 0.00 0.00 0.00 0.00 0.00 0.00 0.00 0.00 0.00 0.00 0.00 0.00 0.00 0.00 0.00 
-721.00 8.00 0.00 0.00 11.00 -24.00 112.00 -24.00 6.00 -41.00 -52.00 -22.00 -14.00 -21.00 -2.00 8.00 -18.00 -12.00 -3.00 -23.00 0.00 0.00 0.00 0.00 0.00 0.00 0.00 0.00 0.00 0.00 0.00 0.00 0.00 0.00 0.00 0.00 0.00 0.00 0.00 0.00 
-721.00 8.00 0.00 0.00 -37.00 4.00 112.00 -24.00 -37.00 -57.00 -52.00 -22.00 25.00 -34.00 -2.00 8.00 -18.00 -12.00 -3.00 -23.00 0.00 0.00 0.00 0.00 0.00 0.00 0.00 0.00 0.00 0.00 0.00 0.00 0.00 0.00 0.00 0.00 0.00 0.00 0.00 0.00 
-721.00 8.00 0.00 0.00 -37.00 4.00 112.00 -24.00 -28.00 -80.00 -52.00 -22.00 1.00 -33.00 -2.00 8.00 7.00 -15.00 -3.00 -23.00 0.00 0.00 0.00 0.00 0.00 0.00 0.00 0.00 0.00 0.00 0.00 0.00 0.00 0.00 0.00 0.00 0.00 0.00 0.00 0.00 
-817.00 15.00 0.00 0.00 -37.00 4.00 112.00 -24.00 32.00 14.00 -47.00 -33.00 1.00 -33.00 -2.00 8.00 7.00 -15.00 -9.00 46.00 0.00 0.00 0.00 0.00 0.00 0.00 0.00 0.00 0.00 0.00 0.00 0.00 0.00 0.00 0.00 0.00 0.00 0.00 0.00 0.00 
-995.00 12.00 0.00 0.00 -31.00 24.00 38.00 -55.00 32.00 14.00 -47.00 -33.00 -30.00 -13.00 -2.00 8.00 -35.00 -59.00 -9.00 46.00 0.00 0.00 0.00 0.00 0.00 0.00 0.00 0.00 0.00 0.00 0.00 0.00 0.00 0.00 0.00 0.00 0.00 0.00 0.00 0.00 
-1079.00 12.00 0.00 0.00 -31.00 24.00 38.00 -55.00 32.00 14.00 -47.00 -33.00 -1.00 -33.00 -2.00 8.00 4.00 -30.00 -9.00 46.00 0.00 0.00 0.00 0.00 0.00 0.00 0.00 0.00 0.00 0.00 0.00 0.00 0.00 0.00 0.00 0.00 0.00 0.00 0.00 0.00 
-1079.00 16.00 0.00 0.00 2.00 -10.00 115.00 -29.00 -4.00 -20.00 -99.00 -33.00 3.00 -34.00 -2.00 8.00 -7.00 -26.00 6.00 23.00 0.00 0.00 0.00 0.00 0.00 0.00 0.00 0.00 0.00 0.00 0.00 0.00 0.00 0.00 0.00 0.00 0.00 0.00 0.00 0.00 
-1079.00 16.00 0.00 0.00 18.00 -36.00 105.00 -9.00 -23.00 -39.00 -84.00 -13.00 -12.00 -34.00 -2.00 8.00 13.00 -36.00 6.00 23.00 0.00 0.00 0.00 0.00 0.00 0.00 0.00 0.00 0.00 0.00 0.00 0.00 0.00 0.00 0.00 0.00 0.00 0.00 0.00 0.00 
