-59.00 -7.00 0.00 0.00 -53.00 -5.00 0.00 0.00 42.00 14.00 0.00 0.00 -22.00 0.00 0.00 0.00 16.00 4.00 0.00 0.00 0.00 0.00 0.00 0.00 0.00 0.00 0.00 0.00 0.00 0.00 0.00 0.00 0.00 0.00 0.00 0.00 0.00 0.00 0.00 0.00 
-125.00 -19.00 0.00 0.00 -53.00 -5.00 0.00 0.00 81.00 -92.00 -1.00 -5.00 0.00 -27.00 0.00 0.00 3.00 -43.00 0.00 0.00 0.00 0.00 0.00 0.00 0.00 0.00 0.00 0.00 0.00 0.00 0.00 0.00 0.00 0.00 0.00 0.00 0.00 0.00 0.00 0.00 
-59.00 -21.00 0.00 0.00 21.00 -32.00 0.00 -4.00 89.00 -146.00 -1.00 -5.00 -8.00 -8.00 0.00 0.00 35.00 -11.00 0.00 0.00 0.00 0.00 0.00 0.00 0.00 0.00 0.00 0.00 0.00 0.00 0.00 0.00 0.00 0.00 0.00 0.00 0.00 0.00 0.00 0.00 
4.00 -27.00 0.00 0.00 25.00 -61.00 0.00 -4.00 3.00 -64.00 -1.00 -5.00 -12.00 -15.00 40.00 -7.00 -2.00 -20.00 0.00 0.00 0.00 0.00 0.00 0.00 0.00 0.00 0.00 0.00 0.00 0.00 0.00 0.00 0.00 0.00 0.00 0.00 0.00 0.00 0.00 0.00 
46.00 -33.00 0.00 0.00 25.00 -97.00 0.00 -4.00 -10.00 -25.00 -1.00 -5.00 -19.00 -13.00 1.00 12.00 11.00 -74.00 -36.00 67.00 0.00 0.00 0.00 0.00 0.00 0.00 0.00 0.00 0.00 0.00 0.00 0.00 0.00 0.00 0.00 0.00 0.00 0.00 0.00 0.00 
128.00 -15.00 0.00 0.00 7.00 -3.00 0.00 -4.00 -10.00 -25.00 22.00 6.00 -21.00 -15.00 -44.00 1.00 6.00 -28.00 -46.00 74.00 0.00 0.00 0.00 0.00 0.00 0.00 0.00 0.00 0.00 0.00 0.00 0.00 0.00 0.00 0.00 0.00 0.00 0.00 0.00 0.00 
6.00 -31.00 0.00 0.00 -46.00 -23.00 0.00 -4.00 -20.00 -23.00 -24.00 0.00 -21.00 -15.00 -2.00 1.00 6.00 -28.00 -2.00 24.00 0.00 0.00 0.00 0.00 0.00 0.00 0.00 0.00 0.00 0.00 0.00 0.00 0.00 0.00 0.00 0.00 0.00 0.00 0.00 0.00 
6.00 -31.00 0.00 0.00 7.00 -27.00 105.00 -10.00 57.00 -17.00 -24.00 0.00 -21.00 -15.00 -2.00 1.00 -20.00 -26.00 -2.00 24.00 0.00 0.00 0.00 0.00 0.00 0.00 0.00 0.00 0.00 0.00 0.00 0.00 0.00 0.00 0.00 0.00 0.00 0.00 0.00 0.00 
6.00 -31.00 0.00 0.00 7.00 -27.00 37.00 50.00 -33.00 -56.00 -24.00 0.00 25.00 -34.00 -2.00 1.00 -20.00 -26.00 -2.00 24.00 0.00 0.00 0.00 0.00 0.00 0.00 0.00 0.00 0.00 0.00 0.00 0.00 0.00 0.00 0.00 0.00 0.00 0.00 0.00 0.00 
6.00 -31.00 0.00 0.00 -66.00 -23.00 -9.00 1.00 -33.00 -56.00 -59.00 14.00 19.00 -37.00 -2.00 1.00 20.00 -21.00 -2.00 24.00 0.00 0.00 0.00 0.00 0.00 0.00 0.00 0.00 0.00 0.00 0.00 0.00 0.00 0.00 0.00 0.00 0.00 0.00 0.00 0.00 
6.00 -31.00 0.00 0.00 13.00 -17.00 79.00 -26.00 -33.00 -56.00 -59.00 14.00 19.00 -37.00 -2.00 1.00 -30.00 -41.00 -2.00 24.00 0.00 0.00 0.00 0.00 0.00 0.00 0.00 0.00 0.00 0.00 0.00 0.00 0.00 0.00 0.00 0.00 0.00 0.00 0.00 0.00 
6.00 -31.00 0.00 0.00 13.00 -17.00 91.00 -31.00 38.00 -64.00 8.00 9.00 -15.00 -37.00 -8.00 -2.00 -28.00 -40.00 -2.00 24.00 0.00 0.00 0.00 0.00 0.00 0.00 0.00 0.00 0.00 0.00 0.00 0.00 0.00 0.00 0.00 0.00 0.00 0.00 0.00 0.00 
38.00 -23.00 0.00 0.00 13.00 -17.00 91.00 -31.00 38.00 -64.00 8.00 9.00 -49.00 -16.00 -8.00 -2.00 -29.00 -41.00 -2.00 24.00 0.00 0.00 0.00 0.00 0.00 0.00 0.00 0.00 0.00 0.00 0.00 0.00 0.00 0.00 0.00 0.00 0.00 0.00 0.00 0.00 
70.00 -16.00 0.00 0.00 -30.00 50.00 93.00 -21.00 48.00 -102.00 8.00 9.00 -49.00 -16.00 -12.00 51.00 -50.00 -8.00 -1.00 24.00 0.00 0.00 0.00 0.00 0.00 0.00 0.00 0.00 0.00 0.00 0.00 0.00 0.00 0.00 0.00 0.00 0.00 0.00 0.00 0.00 
201.00 -4.00 0.00 0.00 -30.00 50.00 93.00 -21.00 16.00 -146.00 8.00 9.00 5.00 9.00 -12.00 51.00 -1.00 16.00 -1.00 22.00 0.00 0.00 0.00 0.00 0.00 0.00 0.00 0.00 0.00 0.00 0.00 0.00 0.00 0.00 0.00 0.00 0.00 0.00 0.00 0.00 
335.00 32.00 0.00 0.00 -53.00 17.00 86.00 -3.00 -8.00 -53.00 -56.00 22.00 -13.00 13.00 -12.00 51.00 9.00 19.00 -1.00 22.00 0.00 0.00 0.00 0.00 0.00 0.00 0.00 0.00 0.00 0.00 0.00 0.00 0.00 0.00 0.00 0.00 0.00 0.00 0.00 0.00 
362.00 35.00 0.00 0.00 -15.00 -34.00 86.00 -3.00 -8.00 -53.00 -56.00 22.00 6.00 -11.00 -12.00 51.00 -4.00 4.00 -1.00 22.00 0.00 0.00 0.00 0.00 0.00 0.00 0.00 0.00 0.00 0.00 0.00 0.00 0.00 0.00 0.00 0.00 0.00 0.00 0.00 0.00 
362.00 35.00 0.00 0.00 39.00 -49.00 86.00 -3.00 -54.00 -64.00 -56.00 22.00 -8.00 -14.00 -12.00 51.00 18.00 0.00 -1.00 22.00 0.00 0.00 0.00 0.00 0.00 0.00 0.00 0.00 0.00 0.00 0.00 0.00 0.00 0.00 0.00 0.00 0.00 0.00 0.00 0.00 
362.00 35.00 0.00 0.00 43.00 -104.00 86.00 -3.00 -41.00 -103.00 -56.00 22.00 -8.00 8.00 -12.00 51.00 22.00 -49.00 -11.00 64.00 0.00 0.00 0.00 0.00 0.00 0.00 0.00 0.00 0.00 0.00 0.00 0.00 0.00 0.00 0.00 0.00 0.00 0.00 0.00 0.00 
401.00 40.00 0.00 0.00 24.00 -48.00 86.00 -3.00 -41.00 -103.00 -56.00 22.00 11.00 0.00 6.00 18.00 4.00 -6.00 -11.00 64.00 0.00 0.00 0.00 0.00 0.00 0.00 0.00 0.00 0.00 0.00 0.00 0.00 0.00 0.00 0.00 0.00 0.00 0.00 0.00 0.00 
591.00 50.00 0.00 0.00 24.00 -48.00 86.00 -3.00 -34.00 -73.00 -56.00 22.00 11.00 0.00 6.00 18.00 3.00 5.00 -11.00 64.00 0.00 0.00 0.00 0.00 0.00 0.00 0.00 0.00 0.00 0.00 0.00 0.00 0.00 0.00 0.00 0.00 0.00 0.00 0.00 0.00 
722.00 40.00 0.00 0.00 -11.00 -22.00 75.00 -13.00 -11.00 -109.00 24.00 6.00 -1.00 -6.00 6.00 18.00 14.00 -30.00 -11.00 42.00 0.00 0.00 0.00 0.00 0.00 0.00 0.00 0.00 0.00 0.00 0.00 0.00 0.00 0.00 0.00 0.00 0.00 0.00 0.00 0.00 
722.00 40.00 0.00 0.00 24.00 -50.00 75.00 -13.00 -11.00 -109.00 24.00 6.00 -1.00 -6.00 6.00 18.00 14.00 -30.00 -11.00 42.00 0.00 0.00 0.00 0.00 0.00 0.00 0.00 0.00 0.00 0.00 0.00 0.00 0.00 0.00 0.00 0.00 0.00 0.00 0.00 0.00 
722.00 40.00 0.00 0.00 -5.00 -24.00 75.00 -13.00 -11.00 -109.00 24.00 6.00 -1.00 -6.00 6.00 18.00 14.00 -30.00 -11.00 42.00 0.00 0.00 0.00 0.00 0.00 0.00 0.00 0.00 0.00 0.00 0.00 0.00 0.00 0.00 0.00 0.00 0.00 0.00 0.00 0.00 
722.00 40.00 0.00 0.00 11.00 -49.00 75.00 -13.00 -11.00 -109.00 24.00 6.00 -1.00 -6.00 6.00 18.00 14.00 -30.00 -11.00 42.00 0.00 0.00 0.00 0.00 0.00 0.00 0.00 0.00 0.00 0.00 0.00 0.00 0.00 0.00 0.00 0.00 0.00 0.00 0.00 0.00 
722.00 40.00 0.00 0.00 -11.00 -12.00 75.00 -13.00 -11.00 -109.00 24.00 6.00 -1.00 -6.00 6.00 18.00 14.00 -30.00 -11.00 42.00 0.00 0.00 0.00 0.00 0.00 0.00 0.00 0.00 0.00 0.00 0.00 0.00 0.00 0.00 0.00 0.00 0.00 0.00 0.00 0.00 
722.00 40.00 0.00 0.00 17.00 -53.00 75.00 -13.00 -11.00 -109.00 24.00 6.00 -1.00 -6.00 6.00 18.00 14.00 -30.00 -11.00 42.00 0.00 0.00 0.00 0.00 0.00 0.00 0.00 0.00 0.00 0.00 0.00 0.00 0.00 0.00 0.00 0.00 0.00 0.00 0.00 0.00 
792.00 61.00 0.00 0.00 17.00 -53.00 75.00 -13.00 -11.00 -109.00 24.00 6.00 8.00 15.00 6.00 18.00 14.00 -30.00 -11.00 42.00 0.00 0.00 0.00 0.00 0.00 0.00 0.00 0.00 0.00 0.00 0.00 0.00 0.00 0.00 0.00 0.00 0.00 0.00 0.00 0.00 
960.00 62.00 0.00 0.00 17.00 -53.00 75.00 -13.00 -11.00 -109.00 24.00 6.00 8.00 15.00 6.00 18.00 14.00 -30.00 -11.00 42.00 0.00 0.00 0.00 0.00 0.00 0.00 0.00 0.00 0.00 0.00 0.00 0.00 0.00 0.00 0.00 0.00 0.00 0.00 0.00 0.00 
1080.00 78.00 0.00 0.00 -75.00 -35.00 17.00 -18.00 -7.00 -42.00 -64.00 27.00 -4.00 -1.00 6.00 18.00 12.00 -26.00 -11.00 42.00 0.00 0.00 0.00 0.00 0.00 0.00 0.00 0.00 0.00 0.00 0.00 0.00 0.00 0.00 0.00 0.00 0.00 0.00 0.00 0.00 
1080.00 78.00 0.00 0.00 -75.00 -35.00 17.00 -18.00 -23.00 -64.00 -95.00 18.00 -4.00 -1.00 6.00 18.00 12.00 -26.00 -11.00 42.00 0.00 0.00 0.00 0.00 0.00 0.00 0.00 0.00 0.00 0.00 0.00 0.00 0.00 0.00 0.00 0.00 0.00 0.00 0.00 0.00 
1080.00 78.00 0.00 0.00 -75.00 -35.00 17.00 -18.00 17.00 -29.00 -95.00 18.00 -4.00 -1.00 6.00 18.00 12.00 -26.00 -11.00 42.00 0.00 0.00 0.00 0.00 0.00 0.00 0.00 0.00 0.00 0.00 0.00 0.00 0.00 0.00 0.00 0.00 0.00 0.00 0.00 0.00 
1080.00 78.00 0.00 0.00 -75.00 -35.00 17.00 -18.00 -23.00 -66.00 -95.00 18.00 -4.00 -1.00 6.00 18.00 12.00 -26.00 -11.00 42.00 0.00 0.00 0.00 0.00 0.00 0.00 0.00 0.00 0.00 0.00 0.00 0.00 0.00 0.00 0.00 0.00 0.00 0.00 0.00 0.00 
1080.00 78.00 0.00 0.00 -75.00 -35.00 17.00 -18.00 24.00 -35.00 -95.00 18.00 -4.00 -1.00 6.00 18.00 12.00 -26.00 -11.00 42.00 0.00 0.00 0.00 0.00 0.00 0.00 0.00 0.00 0.00 0.00 0.00 0.00 0.00 0.00 0.00 0.00 0.00 0.00 0.00 0.00 
1080.00 78.00 0.00 0.00 -75.00 -35.00 17.00 -18.00 -33.00 -60.00 -95.00 18.00 -4.00 -1.00 6.00 18.00 12.00 -26.00 -11.00 42.00 0.00 0.00 0.00 0.00 0.00 0.00 0.00 0.00 0.00 0.00 0.00 0.00 0.00 0.00 0.00 0.00 0.00 0.00 0.00 0.00 
1130.00 82.00 0.00 0.00 -75.00 -35.00 17.00 -18.00 31.00 -22.00 -95.00 18.00 -4.00 -20.00 6.00 18.00 5.00 -11.00 2.00 19.00 0.00 0.00 0.00 0.00 0.00 0.00 0.00 0.00 0.00 0.00 0.00 0.00 0.00 0.00 0.00 0.00 0.00 0.00 0.00 0.00 
1084.00 76.00 0.00 0.00 30.00 -42.00 17.00 -18.00 -32.00 -52.00 -95.00 18.00 17.00 -23.00 6.00 18.00 5.00 -11.00 2.00 19.00 0.00 0.00 0.00 0.00 0.00 0.00 0.00 0.00 0.00 0.00 0.00 0.00 0.00 0.00 0.00 0.00 0.00 0.00 0.00 0.00 
1084.00 76.00 0.00 0.00 34.00 -39.00 103.00 -41.00 -32.00 -52.00 -95.00 18.00 17.00 -23.00 6.00 18.00 5.00 -11.00 2.00 19.00 0.00 0.00 0.00 0.00 0.00 0.00 0.00 0.00 0.00 0.00 0.00 0.00 0.00 0.00 0.00 0.00 0.00 0.00 0.00 0.00 
1084.00 76.00 0.00 0.00 34.00 -39.00 104.00 -41.00 23.00 -42.00 -95.00 18.00 17.00 -23.00 6.00 18.00 -23.00 -18.00 2.00 19.00 0.00 0.00 0.00 0.00 0.00 0.00 0.00 0.00 0.00 0.00 0.00 0.00 0.00 0.00 0.00 0.00 0.00 0.00 0.00 0.00 
1084.00 76.00 0.00 0.00 -5.00 -6.00 104.00 -41.00 23.00 -42.00 -95.00 18.00 -21.00 -18.00 6.00 18.00 -23.00 -18.00 2.00 19.00 0.00 0.00 0.00 0.00 0.00 0.00 0.00 0.00 0.00 0.00 0.00 0.00 0.00 0.00 0.00 0.00 0.00 0.00 0.00 0.00 
1084.00 76.00 0.00 0.00 -5.00 -6.00 66.00 -70.00 -38.00 -57.00 -95.00 18.00 -21.00 -18.00 6.00 18.00 -23.00 -18.00 2.00 19.00 0.00 0.00 0.00 0.00 0.00 0.00 0.00 0.00 0.00 0.00 0.00 0.00 0.00 0.00 0.00 0.00 0.00 0.00 0.00 0.00 
1022.00 62.00 0.00 0.00 10.00 -35.00 105.00 25.00 -14.00 -61.00 -95.00 18.00 20.00 -31.00 6.00 18.00 -23.00 -18.00 2.00 19.00 0.00 0.00 0.00 0.00 0.00 0.00 0.00 0.00 0.00 0.00 0.00 0.00 0.00 0.00 0.00 0.00 0.00 0.00 0.00 0.00 
1082.00 66.00 0.00 0.00 10.00 -35.00 112.00 17.00 65.00 -31.00 13.00 17.00 0.00 -34.00 6.00 18.00 -5.00 -29.00 2.00 19.00 0.00 0.00 0.00 0.00 0.00 0.00 0.00 0.00 0.00 0.00 0.00 0.00 0.00 0.00 0.00 0.00 0.00 0.00 0.00 0.00 
1082.00 66.00 0.00 0.00 -65.00 -38.00 -32.00 30.00 13.00 -51.00 -111.00 15.00 -3.00 -42.00 6.00 18.00 -3.00 24.00 2.00 19.00 0.00 0.00 0.00 0.00 0.00 0.00 0.00 0.00 0.00 0.00 0.00 0.00 0.00 0.00 0.00 0.00 0.00 0.00 0.00 0.00 
1082.00 66.00 0.00 0.00 -65.00 -38.00 97.00 -21.00 13.00 -51.00 24.00 32.00 -1.00 15.00 6.00 18.00 3.00 -35.00 2.00 19.00 0.00 0.00 0.00 0.00 0.00 0.00 0.00 0.00 0.00 0.00 0.00 0.00 0.00 0.00 0.00 0.00 0.00 0.00 0.00 0.00 
1082.00 66.00 0.00 0.00 4.00 -20.00 97.00 -21.00 58.00 -41.00 -68.00 -66.00 -3.00 -30.00 6.00 18.00 2.00 18.00 2.00 19.00 0.00 0.00 0.00 0.00 0.00 0.00 0.00 0.00 0.00 0.00 0.00 0.00 0.00 0.00 0.00 0.00 0.00 0.00 0.00 0.00 
1082.00 66.00 0.00 0.00 9.00 -45.00 96.00 -1.00 9.00 -44.00 -68.00 -66.00 -4.00 15.00 6.00 18.00 -3.00 -36.00 2.00 19.00 0.00 0.00 0.00 0.00 0.00 0.00 0.00 0.00 0.00 0.00 0.00 0.00 0.00 0.00 0.00 0.00 0.00 0.00 0.00 0.00 
1082.00 66.00 0.00 0.00 9.00 -45.00 96.00 -1.00 9.00 -44.00 -112.00 4.00 -2.00 -38.00 5.00 17.00 -4.00 33.00 -8.00 20.00 0.00 0.00 0.00 0.00 0.00 0.00 0.00 0.00 0.00 0.00 0.00 0.00 0.00 0.00 0.00 0.00 0.00 0.00 0.00 0.00 
1082.00 66.00 0.00 0.00 9.00 -45.00 -14.00 -102.00 9.00 -44.00 -3.00 -80.00 -1.00 -7.00 5.00 17.00 2.00 1.00 -8.00 20.00 0.00 0.00 0.00 0.00 0.00 0.00 0.00 0.00 0.00 0.00 0.00 0.00 0.00 0.00 0.00 0.00 0.00 0.00 0.00 0.00 
1096.00 68.00 0.00 0.00 12.00 -28.00 -71.00 -128.00 -41.00 -43.00 -84.00 15.00 -1.00 -7.00 5.00 17.00 22.00 1.00 -2.00 81.00 0.00 0.00 0.00 0.00 0.00 0.00 0.00 0.00 0.00 0.00 0.00 0.00 0.00 0.00 0.00 0.00 0.00 0.00 0.00 0.00 
1081.00 69.00 0.00 0.00 13.00 68.00 -50.00 -93.00 48.00 -34.00 13.00 20.00 -1.00 -7.00 5.00 17.00 -1.00 -31.00 5.00 54.00 0.00 0.00 0.00 0.00 0.00 0.00 0.00 0.00 0.00 0.00 0.00 0.00 0.00 0.00 0.00 0.00 0.00 0.00 0.00 0.00 
1081.00 69.00 0.00 0.00 13.00 68.00 -50.00 -93.00 -67.00 -101.00 13.00 20.00 -1.00 -7.00 5.00 17.00 -1.00 -31.00 5.00 54.00 0.00 0.00 0.00 0.00 0.00 0.00 0.00 0.00 0.00 0.00 0.00 0.00 0.00 0.00 0.00 0.00 0.00 0.00 0.00 0.00 
1081.00 69.00 0.00 0.00 13.00 68.00 -62.00 -94.00 -67.00 -101.00 -37.00 85.00 -1.00 -7.00 5.00 17.00 -1.00 -31.00 5.00 54.00 0.00 0.00 0.00 0.00 0.00 0.00 0.00 0.00 0.00 0.00 0.00 0.00 0.00 0.00 0.00 0.00 0.00 0.00 0.00 0.00 
1081.00 69.00 0.00 0.00 -66.00 -15.00 7.00 0.00 -8.00 17.00 -13.00 3.00 1.00 -17.00 5.00 17.00 -1.00 -31.00 -82.00 14.00 0.00 0.00 0.00 0.00 0.00 0.00 0.00 0.00 0.00 0.00 0.00 0.00 0.00 0.00 0.00 0.00 0.00 0.00 0.00 0.00 
1081.00 69.00 0.00 0.00 16.00 -74.00 7.00 0.00 -8.00 17.00 -13.00 3.00 33.00 -13.00 5.00 17.00 -1.00 -31.00 -5.00 17.00 0.00 0.00 0.00 0.00 0.00 0.00 0.00 0.00 0.00 0.00 0.00 0.00 0.00 0.00 0.00 0.00 0.00 0.00 0.00 0.00 
1081.00 69.00 0.00 0.00 16.00 -74.00 89.00 -45.00 -8.00 17.00 -13.00 3.00 -5.00 -14.00 5.00 17.00 27.00 -32.00 2.00 15.00 0.00 0.00 0.00 0.00 0.00 0.00 0.00 0.00 0.00 0.00 0.00 0.00 0.00 0.00 0.00 0.00 0.00 0.00 0.00 0.00 
1081.00 69.00 0.00 0.00 -11.00 26.00 89.00 -45.00 -8.00 17.00 -13.00 3.00 -5.00 -14.00 5.00 17.00 0.00 -34.00 2.00 15.00 0.00 0.00 0.00 0.00 0.00 0.00 0.00 0.00 0.00 0.00 0.00 0.00 0.00 0.00 0.00 0.00 0.00 0.00 0.00 0.00 
1081.00 69.00 0.00 0.00 19.00 -35.00 86.00 -39.00 78.00 -45.00 -13.00 3.00 -5.00 -14.00 5.00 17.00 0.00 -34.00 2.00 15.00 0.00 0.00 0.00 0.00 0.00 0.00 0.00 0.00 0.00 0.00 0.00 0.00 0.00 0.00 0.00 0.00 0.00 0.00 0.00 0.00 
1081.00 69.00 0.00 0.00 -6.00 -10.00 89.00 -36.00 78.00 -45.00 -13.00 3.00 -5.00 -14.00 5.00 17.00 0.00 -34.00 2.00 15.00 0.00 0.00 0.00 0.00 0.00 0.00 0.00 0.00 0.00 0.00 0.00 0.00 0.00 0.00 0.00 0.00 0.00 0.00 0.00 0.00 
1081.00 69.00 0.00 0.00 17.00 -40.00 89.00 -36.00 78.00 -45.00 -13.00 3.00 -5.00 -14.00 5.00 17.00 0.00 -34.00 2.00 15.00 0.00 0.00 0.00 0.00 0.00 0.00 0.00 0.00 0.00 0.00 0.00 0.00 0.00 0.00 0.00 0.00 0.00 0.00 0.00 0.00 
1081.00 69.00 0.00 0.00 -5.00 -7.00 89.00 -36.00 78.00 -45.00 -13.00 3.00 -5.00 -14.00 5.00 17.00 0.00 -34.00 2.00 15.00 0.00 0.00 0.00 0.00 0.00 0.00 0.00 0.00 0.00 0.00 0.00 0.00 0.00 0.00 0.00 0.00 0.00 0.00 0.00 0.00 
1081.00 69.00 0.00 0.00 21.00 -39.00 89.00 -36.00 78.00 -45.00 -13.00 3.00 -5.00 -14.00 5.00 17.00 0.00 -34.00 2.00 15.00 0.00 0.00 0.00 0.00 0.00 0.00 0.00 0.00 0.00 0.00 0.00 0.00 0.00 0.00 0.00 0.00 0.00 0.00 0.00 0.00 
937.00 90.00 0.00 0.00 21.00 -39.00 89.00 -36.00 78.00 -45.00 -13.00 3.00 -5.00 -14.00 5.00 17.00 -1.00 -9.00 2.00 15.00 0.00 0.00 0.00 0.00 0.00 0.00 0.00 0.00 0.00 0.00 0.00 0.00 0.00 0.00 0.00 0.00 0.00 0.00 0.00 0.00 
836.00 98.00 0.00 0.00 21.00 -39.00 89.00 -36.00 78.00 -45.00 -13.00 3.00 -5.00 -14.00 5.00 17.00 -1.00 -9.00 2.00 15.00 0.00 0.00 0.00 0.00 0.00 0.00 0.00 0.00 0.00 0.00 0.00 0.00 0.00 0.00 0.00 0.00 0.00 0.00 0.00 0.00 
715.00 106.00 0.00 0.00 21.00 -39.00 89.00 -36.00 -13.00 -30.00 -13.00 3.00 -5.00 -14.00 5.00 17.00 -1.00 -9.00 2.00 15.00 0.00 0.00 0.00 0.00 0.00 0.00 0.00 0.00 0.00 0.00 0.00 0.00 0.00 0.00 0.00 0.00 0.00 0.00 0.00 0.00 
715.00 106.00 0.00 0.00 -73.00 -28.00 -14.00 6.00 -7.00 -37.00 -110.00 -17.00 -5.00 -14.00 5.00 17.00 -1.00 -9.00 2.00 15.00 0.00 0.00 0.00 0.00 0.00 0.00 0.00 0.00 0.00 0.00 0.00 0.00 0.00 0.00 0.00 0.00 0.00 0.00 0.00 0.00 
715.00 106.00 0.00 0.00 -73.00 -28.00 -14.00 6.00 24.00 -7.00 -117.00 -14.00 -5.00 -14.00 5.00 17.00 -1.00 -9.00 2.00 15.00 0.00 0.00 0.00 0.00 0.00 0.00 0.00 0.00 0.00 0.00 0.00 0.00 0.00 0.00 0.00 0.00 0.00 0.00 0.00 0.00 
715.00 106.00 0.00 0.00 -73.00 -28.00 -14.00 6.00 1.00 -52.00 -117.00 -14.00 -5.00 -14.00 5.00 17.00 -1.00 -9.00 2.00 15.00 0.00 0.00 0.00 0.00 0.00 0.00 0.00 0.00 0.00 0.00 0.00 0.00 0.00 0.00 0.00 0.00 0.00 0.00 0.00 0.00 
715.00 106.00 0.00 0.00 -73.00 -28.00 -14.00 6.00 23.00 -8.00 -117.00 -14.00 -5.00 -14.00 5.00 17.00 -1.00 -9.00 2.00 15.00 0.00 0.00 0.00 0.00 0.00 0.00 0.00 0.00 0.00 0.00 0.00 0.00 0.00 0.00 0.00 0.00 0.00 0.00 0.00 0.00 
715.00 106.00 0.00 0.00 -73.00 -28.00 -14.00 6.00 -1.00 -49.00 -117.00 -14.00 -5.00 -14.00 5.00 17.00 -1.00 -9.00 2.00 15.00 0.00 0.00 0.00 0.00 0.00 0.00 0.00 0.00 0.00 0.00 0.00 0.00 0.00 0.00 0.00 0.00 0.00 0.00 0.00 0.00 
715.00 106.00 0.00 0.00 17.00 -37.00 21.00 53.00 1.00 2.00 -42.00 -7.00 -21.00 -11.00 5.00 17.00 19.00 -13.00 2.00 15.00 0.00 0.00 0.00 0.00 0.00 0.00 0.00 0.00 0.00 0.00 0.00 0.00 0.00 0.00 0.00 0.00 0.00 0.00 0.00 0.00 
715.00 106.00 0.00 0.00 17.00 -37.00 68.00 -5.00 -12.00 -9.00 -118.00 -28.00 -15.00 -14.00 5.00 17.00 19.00 -13.00 2.00 15.00 0.00 0.00 0.00 0.00 0.00 0.00 0.00 0.00 0.00 0.00 0.00 0.00 0.00 0.00 0.00 0.00 0.00 0.00 0.00 0.00 
715.00 106.00 0.00 0.00 57.00 -53.00 51.00 7.00 -26.00 -38.00 -117.00 0.00 29.00 -39.00 5.00 17.00 -16.00 -36.00 2.00 15.00 0.00 0.00 0.00 0.00 0.00 0.00 0.00 0.00 0.00 0.00 0.00 0.00 0.00 0.00 0.00 0.00 0.00 0.00 0.00 0.00 
717.00 106.00 0.00 0.00 -21.00 -12.00 93.00 9.00 17.00 -5.00 -90.00 -15.00 -7.00 -27.00 4.00 18.00 10.00 -34.00 2.00 15.00 0.00 0.00 0.00 0.00 0.00 0.00 0.00 0.00 0.00 0.00 0.00 0.00 0.00 0.00 0.00 0.00 0.00 0.00 0.00 0.00 
